0	0
1	0
2	0
3	0
4	0
5	0
6	0
7	0
8	0
9	0
10	0
11	0
12	1.4
13	0
14	0
15	0
16	0.4
17	0
18	9.4
19	0
20	0
21	25.8
22	0
23	0
24	10.6
25	0
26	0
27	3.6
28	0
29	13
30	25.8
31	8
32	0
33	0
34	0
35	0
36	0
37	0
38	0
39	0
40	0
41	0
42	0
43	0
44	0.2
45	0
46	12.6
47	0
48	1.2
49	0.8
50	0
51	5.8
52	0
53	0.4
54	0
55	2.2
56	1.6
57	0
58	0
59	0
60	0
61	0
62	0
63	0.2
64	2.4
65	0
66	0
67	0.6
68	11.6
69	0
70	0
71	0
72	0
73	0
74	0
75	0
76	3.2
77	11.6
78	0
79	0.6
80	0.2
81	0
82	0.2
83	0
84	0
85	2
86	7
87	0
88	0.2
89	0
90	0.2
91	0
92	0.4
93	0
94	68.6
95	0
96	0
97	0.2
98	0
99	0
100	1.4
101	0
102	0
103	0
104	9
105	6
106	0
107	0.2
108	0
109	0.6
110	0.2
111	0
112	0.2
113	8.6
114	0
115	0
116	0
117	0
118	0
119	0
120	0
121	0
122	0
123	0
124	0
125	0
126	0
127	0.2
128	0.2
129	0
130	0
131	2.2
132	49.8
133	6.2
134	0.4
135	0
136	0
137	0
138	17.8
139	0
140	0
141	0.2
142	0
143	0
144	0
145	0
146	7.8
147	9.6
148	4.8
149	6.4
150	16.2
151	0
152	0
153	0
154	0.2
155	0
156	0
157	0
158	0
159	0
160	0
161	0.2
162	0
163	0
164	0
165	0
166	0
167	6
168	0
169	0
170	28.6
171	30.6
172	25.2
173	0
174	0
175	0
176	0
177	0
178	14.4
179	0
180	0
181	0
182	0
183	0
184	0
185	0.6
186	0
187	0
188	0
189	2.2
190	0
191	0
192	9.8
193	0.4
194	0
195	0.4
196	34.8
197	0
198	9.4
199	0
200	0
201	0
202	0
203	5.8
204	3.2
205	5.8
206	4.6
207	0
208	0
209	0
210	0
211	0
212	0
213	0
214	19.8
215	0
216	14.2
217	0
218	0
219	1
220	4.8
221	35.8
222	13.6
223	9.8
224	0
225	0
226	1.4
227	0
228	0
229	0
230	0
231	0
232	0
233	3.4
234	0.2
235	0.2
236	0
237	0
238	0
239	0
240	0
241	0.2
242	0.8
243	0.2
244	1.6
245	0
246	0
247	0
248	0
249	0
250	2.2
251	5
252	0
253	0
254	0
255	0
256	0
257	0
258	0
259	0
260	0
261	0
262	0
263	0
264	0
265	3.4
266	3.2
267	0
268	0
269	0
270	0
271	0
272	4.8
273	0.6
274	0
275	0
276	0
277	4.8
278	0
279	0
280	0
281	0
282	0
283	0
284	0
285	0
286	0.2
287	0
288	1.4
289	7.8
290	5.8
291	3.8
292	0
293	0
294	0
295	1.4
296	5.4
297	0.2
298	1.2
299	1.2
300	0.4
301	0
302	0
303	0
304	0
305	0
306	0
307	0
308	0
309	0
310	10.4
311	4.4
312	0
313	0
314	0
315	0
316	0
317	0
318	0
319	0
320	0
321	0
322	0
323	0
324	0
325	0
326	0
327	0
328	0
329	32.8
330	8.8
331	0.2
332	0
333	0
334	0
335	0
336	6.2
337	0
338	79.2
339	0.2
340	3
341	0
342	0
343	2.4
344	0
345	0.8
346	0.8
347	0
348	0
349	0
350	0
351	0
352	0
353	0
354	26.6
355	2.6
356	15.2
357	6
358	0
359	3.6
360	0
361	2
362	10.8
363	2.2
364	0
365	0
366	0
367	0
368	0
369	0
370	0
371	0
372	0
373	0
374	0
375	0
376	0
377	0
378	0.2
379	1.4
380	0
381	4.4
382	0.2
383	0.2
384	2.2
385	0
386	0
387	0
388	0
389	8
390	1
391	0
392	0.2
393	0
394	0
395	0
396	6.8
397	6
398	0
399	1.6
400	0
401	0.2
402	0
403	0
404	0
405	0
406	10.4
407	16.6
408	1
409	0
410	0
411	0
412	14.6
413	0
414	0
415	0
416	0
417	0
418	0
419	0
420	0
421	0
422	0
423	0
424	0
425	0
426	0
427	0
428	9.6
429	14.2
430	6.2
431	1
432	0.4
433	0
434	0.2
435	0.2
436	0
437	0
438	0
439	0
440	8.2
441	0
442	0
443	15.8
444	5.2
445	7.2
446	22.2
447	10.8
448	0.4
449	0
450	0.2
451	18.6
452	0.8
453	2.2
454	11.6
455	4.6
456	0
457	0
458	0
459	0
460	36.2
461	0.2
462	6
463	76.8
464	1.4
465	0
466	0
467	6.6
468	7.8
469	0
470	0.2
471	34.6
472	0
473	0
474	6
475	0
476	0
477	0
478	0
479	32.8
480	14.4
481	17.6
482	0
483	0
484	0
485	0
486	0
487	0
488	1.2
489	1.4
490	0.2
491	0
492	0
493	0
494	0
495	6.4
496	0.2
497	0
498	0
499	0
500	0
501	0
502	3.4
503	1.8
504	0
505	0
506	0
507	2
508	0.6
509	0
510	0
511	4.8
512	0
513	0
514	0
515	0
516	0
517	0
518	5.8
519	0.4
520	0
521	0
522	0
523	0
524	0
525	20
526	8.8
527	0
528	0
529	0
530	0
531	0
532	0
533	11.2
534	10.6
535	32
536	0
537	0
538	0
539	0
540	0
541	4
542	0
543	0
544	0
545	0
546	0
547	0
548	0
549	9.6
550	11.4
551	26.2
552	15.6
553	0
554	6.4
555	20.4
556	13.8
557	4.6
558	0.2
559	0
560	0
561	0
562	0
563	0
564	0
565	0
566	0
567	0
568	0
569	0
570	0
571	0
572	0
573	0
574	1.4
575	0
576	0.4
577	0
578	0.2
579	3.2
580	0
581	0
582	0.6
583	1.2
584	0
585	4.2
586	25.4
587	7
588	0
589	4.4
590	0.2
591	0.2
592	0
593	0
594	0
595	0
596	0
597	0
598	0
599	0
600	0
601	0
602	0
603	0
604	0
605	1.6
606	35.4
607	1.6
608	0
609	0.2
610	10.2
611	0
612	1.8
613	0
614	10.2
615	12.2
616	0
617	0
618	0
619	0
620	0
621	0
622	0.4
623	0
624	0
625	0
626	0
627	0.2
628	0
629	0
630	7
631	8.4
632	0
633	0
634	0
635	0.6
636	0
637	0.2
638	0
639	0
640	0
641	0
642	2.2
643	2.2
644	8.2
645	0
646	0.2
647	0
648	0
649	0.2
650	0
651	1
652	0
653	64
654	34
655	0.2
656	0.2
657	0
658	2.6
659	0
660	0
661	0
662	0
663	0.2
664	9
665	10
666	0
667	0.2
668	0
669	2.4
670	1.6
671	0
672	0.8
673	0.2
674	0
675	20.8
676	4.6
677	0
678	0
679	14
680	0
681	0.2
682	0
683	0
684	0.2
685	0
686	0
687	0.2
688	0
689	0.2
690	0.2
691	0
692	6.4
693	0
694	0.2
695	0
696	0
697	0.2
698	21.6
699	1
700	2
701	0.2
702	0.2
703	0
704	0
705	0
706	0
707	3.2
708	0
709	9
710	14.4
711	0
712	0.2
713	0
714	0
715	29.2
716	0
717	2.8
718	0.2
719	2
720	1.8
721	0
722	0
723	0.2
724	0
725	1
726	0
727	0
728	4.8
729	0
730	0
731	0
732	4
733	0
734	4
735	0
736	0
737	0
738	0
739	0
740	0
741	24
742	0
743	0
744	0
745	0.4
746	10.4
747	38.6
748	10.4
749	0
750	0
751	0.2
752	0
753	11.2
754	0
755	0.2
756	0
757	0
758	0
759	0
760	0
761	0
762	0
763	0
764	0
765	0
766	0
767	0.6
768	4.6
769	0
770	0
771	0
772	0
773	17.6
774	0
775	0
776	0
777	0
778	14.8
779	0
780	0
781	0
782	0
783	0
784	0
785	0
786	0
787	0
788	0
789	0.2
790	0
791	0
792	1.4
793	0
794	0
795	0.4
796	0.2
797	0
798	0
799	43.4
800	0.2
801	0
802	0
803	0
804	0
805	0.2
806	0
807	0
808	0
809	0
810	2.4
811	14.8
812	11.8
813	7.4
814	0
815	0
816	0
817	0
818	29.6
819	5.4
820	0
821	0
822	0
823	0.4
824	0
825	0
826	0
827	0
828	0
829	14.4
830	0
831	0
832	0
833	0
834	0
835	0
836	0
837	0
838	6.4
839	0
840	0
841	39.8
842	2.6
843	0
844	9.4
845	0
846	0
847	0
848	0
849	0
850	0
851	0
852	0
853	0
854	10.6
855	0.8
856	1.6
857	0.4
858	0
859	0
860	0
861	0
862	1.6
863	11.2
864	0.2
865	0
866	0
867	0
868	10.4
869	7.2
870	8
871	13
872	0
873	0
874	0
875	0
876	0
877	1
878	9.8
879	10
880	3
881	0
882	0
883	0
884	0
885	0
886	0
887	24.8
888	5
889	0
890	0
891	0
892	0.4
893	0
894	0
895	0
896	0
897	0
898	0
899	24.8
900	0
901	0
902	6.6
903	0.4
904	61
905	20.2
906	0.4
907	0
908	0
909	0
910	0
911	5
912	0
913	2.8
914	3.6
915	0
916	6
917	0
918	4
919	0.6
920	0.2
921	0.2
922	0
923	0
924	0
925	3.8
926	0
927	15.2
928	3
929	37
930	7.2
931	9.2
932	0.2
933	0
934	1.4
935	0.4
936	6.8
937	0
938	0
939	0
940	1
941	3.6
942	0
943	0
944	0.8
945	0
946	0
947	0
948	3.2
949	7.6
950	0
951	0
952	0
953	0
954	0
955	1.2
956	0
957	0.2
958	0
959	0.2
960	0
961	0
962	0
963	0
964	0
965	9.4
966	9.8
967	3.4
968	0
969	0
970	0.2
971	0.2
972	2.8
973	3.6
974	0
975	0
976	0
977	21.4
978	0.2
979	0
980	2.2
981	0
982	0
983	0
984	17.6
985	3.2
986	44
987	22.4
988	0
989	0.2
990	0
991	0
992	0.2
993	19.2
994	0
995	0
996	0.2
997	0
998	0
999	0
1000	0.4
1001	0
1002	0.6
1003	0.2
1004	0
1005	0
1006	0
1007	0
1008	0
1009	0.2
1010	5.8
1011	63
1012	68.8
1013	2.8
1014	4
1015	29.8
1016	20.8
1017	18.6
1018	0
1019	0.6
1020	1
1021	0.4
1022	0
1023	0
1024	0
1025	0.6
1026	0
1027	5.4
1028	18.8
1029	5.2
1030	0
1031	0
1032	0
1033	0.2
1034	0.2
1035	0
1036	0
1037	0
1038	10.8
1039	56.6
1040	2.8
1041	20.2
1042	2.2
1043	2.6
1044	0
1045	0
1046	0.2
1047	33.8
1048	0
1049	0.2
1050	0
1051	26.4
1052	12.2
1053	0
1054	0
1055	0
1056	0
1057	0
1058	0
1059	0
1060	0
1061	0.2
1062	2.4
1063	28.8
1064	8.4
1065	4.4
1066	0
1067	24.4
1068	0
1069	0
1070	0
1071	0.2
1072	0
1073	0
1074	0
1075	0
1076	0
1077	1.6
1078	7.2
1079	0.4
1080	2.6
1081	0.6
1082	0
1083	0
1084	0
1085	7
1086	52.6
1087	0.6
1088	0
1089	0
1090	0
1091	5.2
1092	0
1093	5.8
1094	2.2
1095	0
1096	0
1097	0
1098	0.6
1099	0
1100	0
1101	0
1102	0
1103	0
1104	0
1105	0
1106	0
1107	0
1108	0
1109	5.8
1110	22.8
1111	0.4
1112	23.8
1113	14.4
1114	74
1115	16.4
1116	0
1117	0
1118	6.2
1119	0.2
1120	0
1121	0
1122	0
1123	0
1124	0
1125	0.6
1126	1.2
1127	0
1128	4.2
1129	3.6
1130	0.4
1131	0.2
1132	1.4
1133	8
1134	3.8
1135	0
1136	3
1137	22.8
1138	2.6
1139	0
1140	0
1141	0
1142	0
1143	0
1144	0
1145	0
1146	0
1147	0
1148	0
1149	3
1150	7.4
1151	7.6
1152	0.2
1153	51.8
1154	1
1155	0
1156	0.4
1157	0.2
1158	0
1159	0
1160	0
1161	0
1162	10.8
1163	0
1164	0
1165	5.8
1166	0.2
1167	0
1168	0
1169	0
1170	3.8
1171	10.8
1172	0
1173	0
1174	0
1175	0
1176	0
1177	0
1178	0
1179	0
1180	0
1181	8.4
1182	0.2
1183	0
1184	0
1185	0
1186	0
1187	14.6
1188	0.4
1189	0
1190	0
1191	0
1192	0
1193	1
1194	0
1195	5.6
1196	0
1197	0
1198	0
1199	0
1200	0
1201	24.4
1202	0.4
1203	0
1204	0
1205	5.4
1206	24.8
1207	0.4
1208	0
1209	0
1210	0
1211	0
1212	6.2
1213	7.4
1214	0
1215	0
1216	0
1217	0
1218	21.2
1219	6.6
1220	0
1221	0
1222	0
1223	0
1224	7.6
1225	0
1226	1.4
1227	3.6
1228	0
1229	0
1230	0
1231	0
1232	4.6
1233	44.2
1234	7.2
1235	0.4
1236	7.8
1237	0
1238	0
1239	0
1240	0
1241	0
1242	0
1243	3
1244	43.2
1245	4.2
1246	1.6
1247	0
1248	0
1249	0.2
1250	1.4
1251	0
1252	0
1253	0
1254	0
1255	0
1256	0
1257	0
1258	0
1259	0
1260	1.6
1261	24.6
1262	7
1263	6.8
1264	2.6
1265	1
1266	0
1267	0
1268	0
1269	0
1270	0
1271	3.6
1272	0.4
1273	0
1274	0.4
1275	0
1276	0
1277	0
1278	0
1279	0
1280	0
1281	0
1282	0
1283	3.8
1284	0
1285	0
1286	0
1287	0
1288	20.4
1289	3
1290	0
1291	0
1292	0.2
1293	0.6
1294	6.8
1295	0.2
1296	0
1297	0
1298	0
1299	0
1300	0
1301	0
1302	0
1303	7.8
1304	25.4
1305	48
1306	0
1307	0
1308	0.2
1309	0
1310	0
1311	0
1312	1
1313	1.6
1314	0.2
1315	0.2
1316	0
1317	0.2
1318	0.2
1319	0.8
1320	27.8
1321	0
1322	0
1323	1.8
1324	144.8
1325	6.4
1326	5
1327	3.8
1328	0
1329	0.2
1330	0
1331	0.4
1332	0
1333	0
1334	0
1335	0
1336	0
1337	0
1338	0
1339	0.2
1340	0
1341	0
1342	0
1343	0
1344	39.2
1345	15.8
1346	0
1347	0
1348	0
1349	7.8
1350	3.2
1351	0.8
1352	10.8
1353	0
1354	18
1355	25.4
1356	13.8
1357	0
1358	0
1359	0
1360	7.6
1361	0
1362	0
1363	0
1364	0
1365	0
1366	8.6
1367	1.8
1368	0
1369	0.2
1370	1
1371	0.2
1372	0
1373	26.2
1374	3
1375	0.4
1376	0.2
1377	0
1378	0
1379	8
1380	0.2
1381	0.2
1382	0
1383	0
1384	6
1385	0
1386	0
1387	0
1388	0
1389	0
1390	0
1391	0
1392	0
1393	0
1394	0
1395	0
1396	1.8
1397	5.4
1398	3.2
1399	0
1400	0
1401	0
1402	0
1403	1.6
1404	39.6
1405	26.2
1406	48.6
1407	0
1408	0
1409	25.8
1410	0
1411	0
1412	0
1413	0
1414	2.8
1415	0
1416	0
1417	0
1418	0
1419	1.8
1420	24.6
1421	0
1422	0
1423	0
1424	6.2
1425	23.2
1426	13.6
1427	5
1428	6.4
1429	0.2
1430	0
1431	11
1432	2.2
1433	0
1434	0
1435	0
1436	0.6
1437	0
1438	0
1439	0
1440	0
1441	0
1442	0
1443	7.6
1444	55.8
1445	11.8
1446	0
1447	0
1448	0
1449	18
1450	42
1451	0.2
1452	0
1453	0
1454	0
1455	0
1456	0
1457	0
1458	0
1459	7.8
1460	9.4
1461	1.4
1462	0
1463	0
1464	0
1465	0
1466	0
1467	0
1468	3.6
1469	0
1470	0
1471	0
1472	0
1473	25.4
1474	0
1475	0
1476	0
1477	0
1478	0
1479	17.6
1480	10
1481	0.2
1482	16
1483	19.6
1484	2
1485	0
1486	16
1487	1.6
1488	0
1489	0
1490	29.2
1491	7.2
1492	0.8
1493	1.2
1494	53.6
1495	5.6
1496	0
1497	17.2
1498	0
1499	0
1500	0
1501	8.2
1502	1.2
1503	0
1504	0
1505	0.6
1506	0
1507	0
1508	0
1509	0
1510	0
1511	0
1512	0
1513	0
1514	0
1515	8.2
1516	0.2
1517	0
1518	0.2
1519	2.8
1520	0
1521	0.8
1522	0.6
1523	0
1524	0
1525	0
1526	0
1527	0
1528	0
1529	0
1530	7.8
1531	18
1532	27.6
1533	0.8
1534	0
1535	0
1536	0
1537	0
1538	0
1539	2.6
1540	0.4
1541	4
1542	0
1543	0
1544	29.8
1545	0
1546	0
1547	0
1548	0
1549	0
1550	0
1551	0
1552	0
1553	10.2
1554	7.4
1555	0
1556	0
1557	0
1558	3.2
1559	8.8
1560	0
1561	0
1562	0.2
1563	47.8
1564	19.8
1565	0.8
1566	0
1567	0
1568	0
1569	11
1570	2.6
1571	16.8
1572	0.2
1573	0
1574	1.4
1575	0
1576	0
1577	0
1578	0
1579	30.6
1580	17.6
1581	0
1582	0
1583	0
1584	0
1585	0
1586	0
1587	0
1588	0
1589	8.8
1590	8.8
1591	2.8
1592	4.4
1593	0.2
1594	0
1595	0
1596	1.6
1597	0
1598	0
1599	0
1600	0
1601	0
1602	15.8
1603	12.6
1604	0
1605	0
1606	0
1607	0
1608	0
1609	0
1610	8.6
1611	37.6
1612	2
1613	0
1614	19.8
1615	4.2
1616	0
1617	0.2
1618	1.8
1619	2.2
1620	0
1621	12.6
1622	41
1623	0
1624	0
1625	2.8
1626	0.2
1627	2.4
1628	1.6
1629	1.8
1630	0
1631	0
1632	0.8
1633	0
1634	2.8
1635	1.8
1636	0.8
1637	0.6
1638	0
1639	0
1640	2.6
1641	0
1642	0
1643	0
1644	0.2
1645	0
1646	0
1647	0
1648	0
1649	0
1650	0
1651	1
1652	0
1653	0
1654	0
1655	24.4
1656	0.2
1657	0.2
1658	0
1659	0.2
1660	0
1661	0
1662	0
1663	0
1664	0
1665	0
1666	0
1667	0
1668	0
1669	0
1670	3.8
1671	0
1672	0
1673	0
1674	0
1675	0
1676	0
1677	0
1678	0
1679	0.2
1680	0
1681	0
1682	0
1683	0
1684	0.2
1685	0
1686	8.2
1687	0
1688	0
1689	0
1690	0.2
1691	0.2
1692	0.6
1693	19.8
1694	22.6
1695	5.2
1696	1.2
1697	0
1698	0
1699	9.4
1700	0.2
1701	0
1702	0.2
1703	0
1704	0
1705	0.2
1706	0
1707	2.6
1708	0
1709	0
1710	0.2
1711	36.4
1712	0
1713	0
1714	0
1715	0
1716	0
1717	0
1718	0
1719	0
1720	16
1721	1.2
1722	0
1723	0
1724	0.8
1725	0
1726	0
1727	0
1728	3
1729	2.6
1730	0.2
1731	0.2
1732	0
1733	0
1734	12.2
1735	15.8
1736	0
1737	0
1738	0
1739	0
1740	0
1741	4.8
1742	0
1743	0
1744	0
1745	0
1746	0
1747	0
1748	14.6
1749	4.6
1750	16
1751	1.4
1752	0
1753	0
1754	0
1755	0
1756	0
1757	3.6
1758	4.6
1759	0
1760	1
1761	0
1762	0.2
1763	11.4
1764	0
1765	0
1766	0
1767	0
1768	0
1769	0.2
1770	0
1771	0
1772	0
1773	0
1774	15.4
1775	2.8
1776	0.4
1777	0
1778	17
1779	0
1780	60.6
1781	28.4
1782	78.8
1783	1
1784	0
1785	0
1786	0.4
1787	0
1788	0
1789	17.4
1790	20.8
1791	20.2
1792	0.8
1793	6
1794	0
1795	0
1796	0
1797	0
1798	0.6
1799	0
1800	0
1801	0
1802	0.2
1803	0
1804	0
1805	21
1806	26.4
1807	4.6
1808	0.2
1809	0
1810	0.2
1811	32
1812	1.6
1813	8
1814	23.4
1815	48.8
1816	21
1817	2.8
1818	0.2
1819	0
1820	0
1821	14.2
1822	0.2
1823	0
1824	0
1825	0
1826	0
1827	12
1828	0
1829	0
1830	35.4
1831	45.6
1832	2
1833	0
1834	3.2
1835	9
1836	0
1837	0
1838	0
1839	37.4
1840	0
1841	0
1842	0
1843	27.6
1844	0
1845	0
1846	0.8
1847	0.2
1848	0.8
1849	0
1850	0.2
1851	0
1852	0
1853	0
1854	0
1855	0
1856	40
1857	2
1858	0
1859	0
1860	0
1861	0
1862	0
1863	0
1864	0
1865	0
1866	6.2
1867	1.2
1868	1.8
1869	11.4
1870	73.4
1871	0
1872	5.8
1873	0
1874	0
1875	7.6
1876	60.6
1877	0.6
1878	6
1879	0.2
1880	25.2
1881	6.2
1882	30.2
1883	2.2
1884	48.4
1885	0
1886	0.8
1887	0.2
1888	0
1889	0
1890	3
1891	0.2
1892	1.8
1893	1.8
1894	0.2
1895	15.6
1896	0
1897	0
1898	1.8
1899	0.4
1900	0
1901	2
1902	0
1903	6.8
1904	57
1905	8.4
1906	0
1907	0
1908	0
1909	0
1910	0
1911	0
1912	0
1913	0.6
1914	1.2
1915	0
1916	3.6
1917	46
1918	0
1919	2.2
1920	0
1921	0
1922	0
1923	1
1924	0.2
1925	0
1926	0
1927	3.6
1928	21.6
1929	1
1930	33.2
1931	0
1932	0
1933	0
1934	1.6
1935	0
1936	1.4
1937	0
1938	0
1939	0
1940	27.4
1941	0
1942	9.2
1943	39.2
1944	0.2
1945	2.2
1946	0
1947	0
1948	0
1949	0
1950	4.4
1951	22
1952	2.6
1953	4.2
1954	7.2
1955	0
1956	0.4
1957	0
1958	0
1959	12
1960	0.6
1961	0
1962	32.6
1963	0.2
1964	0
1965	0
1966	0
1967	0
1968	0.2
1969	24
1970	12.6
1971	6.4
1972	0
1973	0
1974	0
1975	0
1976	17
1977	2.8
1978	6.4
1979	0
1980	0
1981	0
1982	0
1983	0
1984	0
1985	0
1986	0
1987	0
1988	0.2
1989	0.4
1990	2
1991	4.2
1992	18.4
1993	3
1994	1.4
1995	0
1996	1.8
1997	0
1998	0.2
1999	0
2000	0
2001	0
2002	37.2
2003	0
2004	12.4
2005	0
2006	0.2
2007	1.4
2008	0.4
2009	0.2
2010	3
2011	20.2
2012	0.2
2013	0
2014	0
2015	0
2016	0
2017	2.6
2018	1.6
2019	1.2
2020	1
2021	1.6
2022	0
2023	0
2024	0
2025	0
2026	0
2027	0
2028	0
2029	0
2030	0
2031	0
2032	0
2033	5.6
2034	4.4
2035	0.8
2036	23.8
2037	1.8
2038	3
2039	17.8
2040	9
2041	0
2042	0
2043	0.2
2044	0.4
2045	0
2046	0.2
2047	10
2048	4.8
2049	0.2
2050	0
2051	0.6
2052	14.4
2053	1.8
2054	15.4
2055	8.4
2056	9.2
2057	0.2
2058	0.2
2059	0
2060	0
2061	3.8
2062	25.4
2063	0.2
2064	4
2065	1
2066	0.6
2067	0
2068	14.4
2069	0
2070	0.4
2071	5.2
2072	0.2
2073	0.4
2074	3.4
2075	0
2076	0.2
2077	0
2078	0
2079	14
2080	0
2081	0.2
2082	0
2083	0
2084	0
2085	3.4
2086	0
2087	1
2088	0
2089	0
2090	0
2091	63.4
2092	0
2093	20.8
2094	10.6
2095	0.2
2096	0
2097	0
2098	0
2099	5.6
2100	78.4
2101	6.2
2102	1.4
2103	0.6
2104	0
2105	0
2106	0.2
2107	0.2
2108	0
2109	0
2110	0
2111	0
2112	0
2113	14.6
2114	5
2115	0
2116	27.8
2117	13.2
2118	0.2
2119	0
2120	0
2121	3.8
2122	16.4
2123	20.4
2124	21
2125	1
2126	38.2
2127	0
2128	0
2129	4.2
2130	5.8
2131	0
2132	0
2133	0
2134	0
2135	0
2136	22.4
2137	0
2138	5.4
2139	0.6
2140	0
2141	0
2142	0
2143	0
2144	0
2145	0
2146	10.4
2147	2.8
2148	0.2
2149	0.2
2150	0
2151	0
2152	0
2153	0
2154	0
2155	0
2156	0
2157	0
2158	0
2159	4.6
2160	24
2161	25.2
2162	1.2
2163	0.2
2164	0
2165	0.2
2166	17.6
2167	43
2168	21.2
2169	9.4
2170	0
2171	0
2172	0.2
2173	0
2174	0.2
2175	0.4
2176	19
2177	33
2178	4.4
2179	0
2180	0
2181	0
2182	0
2183	0
2184	0
2185	5
2186	9.6
2187	0
2188	18
2189	1.4
2190	0
2191	0
2192	0
2193	0.4
2194	0
2195	0
2196	0
2197	0
2198	0
2199	0
2200	0.2
2201	12.2
2202	29
2203	2
2204	0
2205	0
2206	0
2207	0
2208	0.4
2209	0.8
2210	0
2211	0
2212	0
2213	0
2214	0
2215	0
2216	0
2217	11.4
2218	0.2
2219	0
2220	0
2221	0.8
2222	0
2223	0
2224	1
2225	0
2226	0
2227	0
2228	0
2229	0
2230	0.6
2231	0
2232	0
2233	0
2234	0
2235	24.4
2236	0
2237	0
2238	0
2239	0
2240	0
2241	0
2242	0
2243	0
2244	0
2245	0
2246	0
2247	2
2248	0.2
2249	18.8
2250	7.8
2251	12
2252	0.2
2253	0
2254	4.4
2255	1
2256	0
2257	0
2258	2.4
2259	0
2260	0.6
2261	0.2
2262	0
2263	0
2264	16.2
2265	0
2266	6.2
2267	0.2
2268	13.2
2269	0
2270	0
2271	0
2272	0
2273	0
2274	0
2275	5
2276	2.6
2277	0
2278	0
2279	0
2280	41.4
2281	3.2
2282	0
2283	0
2284	0.2
2285	0
2286	0
2287	0
2288	0
2289	0
2290	1.2
2291	0.2
2292	17.6
2293	1.4
2294	0
2295	4.4
2296	0
2297	0
2298	42.8
2299	0
2300	34.6
2301	0
2302	0
2303	1.4
2304	5.4
2305	2
2306	0
2307	0
2308	0.2
2309	16.4
2310	2.4
2311	0
2312	1.4
2313	0.2
2314	0
2315	0
2316	0
2317	0
2318	16
2319	0.2
2320	0
2321	0
2322	0
2323	2.2
2324	0
2325	7
2326	4.8
2327	45.6
2328	1.4
2329	3.4
2330	25.8
2331	3.4
2332	0.2
2333	0
2334	0
2335	0
2336	0
2337	0
2338	1.2
2339	1
2340	0
2341	5
2342	0.8
2343	1.2
2344	1.6
2345	0
2346	0
2347	0
2348	0
2349	0
2350	0
2351	0
2352	0
2353	0
2354	0
2355	0
2356	13
2357	0.8
2358	0
2359	0
2360	0
2361	0
2362	0
2363	14
2364	2.4
2365	0
2366	0
2367	0
2368	0
2369	0
2370	12.6
2371	15.6
2372	5.6
2373	13
2374	0.6
2375	2
2376	0
2377	0
2378	4
2379	0.6
2380	0
2381	0
2382	11.8
2383	0.4
2384	0
2385	0
2386	0
2387	12.2
2388	37.6
2389	6
2390	4
2391	6.8
2392	0
2393	0
2394	6.4
2395	0
2396	76.4
2397	5.2
2398	0.2
2399	0
2400	0
2401	0
2402	0.2
2403	0
2404	0.6
2405	0
2406	29.4
2407	0
2408	0.2
2409	0
2410	0
2411	0
2412	0.2
2413	0
2414	0
2415	0
2416	0.2
2417	0
2418	3
2419	3.6
2420	0
2421	3
2422	0.2
2423	0
2424	0
2425	0.2
2426	5.2
2427	0
2428	1
2429	1.2
2430	0.4
2431	1
2432	0
2433	0
2434	0
2435	0
2436	0.2
2437	0
2438	0.2
2439	0
2440	0
2441	5.6
2442	21.2
2443	0
2444	0
2445	0
2446	0
2447	0
2448	0.2
2449	0
2450	15.4
2451	0
2452	4.6
2453	43.6
2454	0.4
2455	2.2
2456	10
2457	5.6
2458	0.2
2459	0
2460	0
2461	0
2462	1
2463	0.2
2464	5.2
2465	3
2466	0.2
2467	0
2468	0
2469	0
2470	0
2471	0
2472	0.2
2473	2.6
2474	0
2475	0.2
2476	29.4
2477	61.6
2478	0
2479	4
2480	10.8
2481	4.4
2482	0.4
2483	55.4
2484	2.4
2485	0.2
2486	0.2
2487	0
2488	0
2489	6.6
2490	5.4
2491	10.2
2492	28.6
2493	0
2494	1.8
2495	19.2
2496	0.6
2497	0.4
2498	0
2499	0
2500	9
2501	30.2
2502	19
2503	7
2504	0
2505	0
2506	0
2507	0
2508	11
2509	0
2510	0
2511	0
2512	8.6
2513	8.2
2514	0
2515	0
2516	9
2517	6.8
2518	3.2
2519	2
2520	0
2521	4.8
2522	1.8
2523	4.4
2524	0.8
2525	0
2526	0
2527	0
2528	0
2529	5.4
2530	17.8
2531	0
2532	0
2533	2.8
2534	0.8
2535	0
2536	0
2537	0
2538	0
2539	0
2540	0
2541	0
2542	4
2543	1.4
2544	15.4
2545	0.8
2546	0
2547	0
2548	4.4
2549	0
2550	0
2551	0
2552	0
2553	0
2554	0
2555	21.2
2556	0.2
2557	0
2558	0
2559	26
2560	0
2561	0
2562	0
2563	3.6
2564	0.2
2565	0
2566	0
2567	2
2568	0.8
2569	0
2570	0
2571	0
2572	0
2573	0
2574	0
2575	0
2576	0
2577	0
2578	0.4
2579	19.2
2580	46.6
2581	1.8
2582	0
2583	0
2584	2.4
2585	0
2586	0
2587	0
2588	0
2589	0
2590	0
2591	0
2592	0
2593	0
2594	0
2595	2.8
2596	4.4
2597	0
2598	0
2599	0
2600	0
2601	0
2602	0
2603	0
2604	0
2605	0
2606	0
2607	4.2
2608	3.4
2609	0
2610	0
2611	0
2612	0
2613	0
2614	0
2615	0
2616	17.8
2617	0
2618	0
2619	0
2620	0
2621	0.2
2622	0.6
2623	0
2624	0
2625	0
2626	0
2627	0
2628	4.6
2629	0
2630	2.2
2631	5.4
2632	17.6
2633	2
2634	0
2635	0
2636	0
2637	0
2638	0.8
2639	0.4
2640	1.4
2641	0
2642	0
2643	0
2644	0
2645	0
2646	0
2647	15.2
2648	7.2
2649	0.2
2650	0
2651	0
2652	0
2653	0
2654	0
2655	0
2656	0
2657	0
2658	0.2
2659	29.6
2660	39.6
2661	41.6
2662	0
2663	0
2664	0
2665	0
2666	0
2667	0
2668	0
2669	0
2670	0
2671	31.2
2672	0.8
2673	0.2
2674	0
2675	0
2676	0
2677	0
2678	0
2679	0
2680	1.4
2681	0.2
2682	4.8
2683	11
2684	0.6
2685	0
2686	9.6
2687	0
2688	0.4
2689	0
2690	0
2691	0
2692	0
2693	0
2694	0
2695	0
2696	0
2697	16
2698	0
2699	76.6
2700	6.8
2701	0
2702	0
2703	9.2
2704	0
2705	0
2706	0
2707	34
2708	2.2
2709	0
2710	0
2711	0
2712	0
2713	0.2
2714	0
2715	0
2716	0
2717	0
2718	0
2719	0
2720	27
2721	51.6
2722	0
2723	0
2724	0
2725	0
2726	0
2727	0
2728	0.8
2729	0.4
2730	2.4
2731	0
2732	0
2733	1.6
2734	0
2735	0
2736	0
2737	0
2738	0
2739	0
2740	0
2741	0
2742	0.4
2743	10.6
2744	0
2745	0.2
2746	0
2747	0
2748	0.2
2749	0
2750	0.2
2751	28.4
2752	12.4
2753	0.2
2754	0
2755	0
2756	0
2757	0
2758	0
2759	0.6
2760	0
2761	0
2762	0
2763	0
2764	4.4
2765	0
2766	18.6
2767	1.8
2768	0
2769	0.4
2770	0
2771	0.2
2772	0
2773	0
2774	0.2
2775	0
2776	0
2777	0
2778	0
2779	20.4
2780	0
2781	0
2782	0
2783	0
2784	0
2785	0
2786	0
2787	0
2788	0.2
2789	0
2790	0
2791	0
2792	0
2793	0
2794	0
2795	0
2796	0
2797	14.8
2798	0
2799	0
2800	0
2801	9.4
2802	1.4
2803	0.2
2804	0
2805	0
2806	0
2807	0
2808	0
2809	0.4
2810	0.2
2811	0
2812	0
2813	0
2814	0
2815	0.4
2816	11
2817	3
2818	0
2819	0
2820	0.2
2821	1.2
2822	0.2
2823	0
2824	0
2825	0
2826	0
2827	0
2828	4.8
2829	0
2830	0
2831	0
2832	0
2833	0
2834	63.6
2835	39
2836	0.2
2837	0
2838	0.2
2839	12.6
2840	0
2841	0
2842	0
2843	0
2844	0
2845	0
2846	0
2847	0
2848	0
2849	0.2
2850	0
2851	0
2852	0.8
2853	3.6
2854	0
2855	0
2856	0
2857	24.8
2858	0
2859	0.2
2860	31.2
2861	0
2862	0.2
2863	0
2864	0.8
2865	0
2866	0
2867	0.2
2868	0
2869	0
2870	0
2871	0
2872	6.6
2873	1
2874	0
2875	0
2876	0
2877	0
2878	0
2879	0
2880	0.2
2881	0
2882	0
2883	0
2884	1.2
2885	15
2886	23.6
2887	6.6
2888	0.2
2889	0
2890	0
2891	0
2892	0
2893	0
2894	0
2895	0
2896	0
2897	0.2
2898	41.8
2899	13
2900	0.2
2901	0.8
2902	0
2903	0
2904	5
2905	27.8
2906	84.6
2907	74.8
2908	0.2
2909	0
2910	0
2911	0
2912	0
2913	0.8
2914	0
2915	0.2
2916	0
2917	0.2
2918	0.8
2919	15.6
2920	3.4
2921	22.6
2922	0
2923	0
2924	0
2925	10.4
2926	12.6
2927	0
2928	10.4
2929	3.6
2930	1
2931	0
2932	0
2933	0
2934	0
2935	0
2936	0
2937	0
2938	0
2939	0
2940	0
2941	26.2
2942	0.2
2943	0
2944	0
2945	0
2946	0
2947	0
2948	14.8
2949	0.2
2950	0
2951	0
2952	0
2953	0
2954	0
2955	0
2956	0
2957	0
2958	0
2959	0
2960	0
2961	5
2962	7.2
2963	0
2964	0.4
2965	0
2966	0
2967	0
2968	0
2969	1.4
2970	0
2971	0
2972	4.2
2973	9.2
2974	0
2975	0
2976	0
2977	0
2978	0
2979	0
2980	0
2981	9
2982	0
2983	0
2984	0
2985	0
2986	0
2987	15.2
2988	0
2989	0
2990	17.6
2991	0.2
2992	5.8
2993	0
2994	0
2995	0
2996	8.2
2997	0
2998	0
2999	0
3000	45.8
3001	16.2
3002	0
3003	0
3004	0
3005	0
3006	14
3007	58.4
3008	3.4
3009	0
3010	0
3011	22.8
3012	0.8
3013	0
3014	0
3015	0
3016	7.2
3017	0
3018	65.6
3019	0
3020	0
3021	0
3022	0
3023	0
3024	0
3025	0
3026	0
3027	0
3028	0.2
3029	1.6
3030	1.4
3031	0
3032	0
3033	0
3034	0
3035	3.4
3036	0
3037	0
3038	0
3039	0
3040	0
3041	0
3042	0
3043	0
3044	5
3045	4
3046	0
3047	0
3048	0
3049	0
3050	0.6
3051	0.6
3052	0.6
3053	2
3054	0
3055	3.6
3056	21.6
3057	0.8
3058	0
3059	0
3060	0
3061	0
3062	0
3063	0
3064	0
3065	1.4
3066	0
3067	0
3068	0
3069	0
3070	0
3071	13.8
3072	10
3073	0
3074	0
3075	0
3076	2.4
3077	5
3078	0
3079	0
3080	0.2
3081	8
3082	11.8
3083	0
3084	0
3085	0
3086	0
3087	0
3088	9.8
3089	0
3090	0
3091	0
3092	0.6
3093	0.2
3094	51
3095	24.8
3096	0
3097	0
3098	0
3099	0
3100	0
3101	0
3102	18.8
3103	2.4
3104	0
3105	0
3106	0
3107	0
3108	0
3109	0
3110	0
3111	0.2
3112	0
3113	0
3114	0
3115	0
3116	0
3117	0
3118	0
3119	3.4
3120	5.4
3121	0
3122	0
3123	0
3124	0.2
3125	0
3126	0
3127	0
3128	0.8
3129	0
3130	0
3131	0.2
3132	0
3133	0
3134	0.2
3135	0
3136	13.8
3137	0
3138	0
3139	1.4
3140	19.6
3141	1.6
3142	0
3143	0
3144	0
3145	0
3146	0.2
3147	0
3148	0
3149	0.4
3150	26.4
3151	0
3152	9.4
3153	17.6
3154	0.2
3155	0
3156	0.2
3157	0
3158	0
3159	0.2
3160	0.2
3161	0
3162	0.2
3163	0
3164	0
3165	0.2
3166	0
3167	0
3168	3
3169	0
3170	2
3171	3.8
3172	35.6
3173	7
3174	0
3175	0.2
3176	4
3177	0.2
3178	0.2
3179	0
3180	19.4
3181	0
3182	0.2
3183	0
3184	0
3185	0
3186	0
3187	0
3188	32.8
3189	11.6
3190	0.6
3191	0
3192	0
3193	0
3194	9.2
3195	0
3196	24
3197	0
3198	0
3199	2.4
3200	23.4
3201	0
3202	4
3203	0
3204	0
3205	0
3206	0
3207	0
3208	0.2
3209	0
3210	0
3211	0
3212	0.2
3213	0
3214	0
3215	1
3216	15.2
3217	0.2
3218	1.6
3219	4
3220	4.2
3221	2.6
3222	23.2
3223	16.8
3224	0.2
3225	0.8
3226	3.6
3227	0.8
3228	0.2
3229	0
3230	0
3231	0
3232	0
3233	0
3234	0
3235	31.4
3236	23.4
3237	72
3238	30.4
3239	12.2
3240	4.8
3241	0.2
3242	0
3243	0
3244	0
3245	0.8
3246	0.8
3247	0.2
3248	0
3249	0
3250	0
3251	3.4
3252	0
3253	0
3254	0
3255	0
3256	0
3257	0
3258	0
3259	24
3260	8.4
3261	0
3262	0
3263	0
3264	31.8
3265	7.6
3266	15
3267	12.6
3268	27.4
3269	0
3270	0
3271	4.8
3272	0.2
3273	0
3274	0.4
3275	0
3276	0
3277	0
3278	11.6
3279	0
3280	0
3281	0
3282	0
3283	0
3284	0
3285	0
3286	17
3287	0
3288	0
3289	0
3290	0.4
3291	0
3292	0
3293	0
3294	15
3295	18.6
3296	3.2
3297	40.4
3298	0.2
3299	0.4
3300	24.4
3301	0
3302	0
3303	0
3304	0
3305	0
3306	0
3307	0.8
3308	1
3309	0
3310	0
3311	0
3312	0
3313	0
3314	0.2
3315	105.4
3316	31.4
3317	0
3318	0
3319	0
3320	23.4
3321	0
3322	0
3323	0
3324	4.8
3325	12.4
3326	3.6
3327	0
3328	0
3329	0
3330	0
3331	0
3332	1
3333	0
3334	0
3335	0
3336	5.4
3337	4.6
3338	30.8
3339	31
3340	0.2
3341	0
3342	0
3343	0
3344	1.8
3345	1.6
3346	0
3347	0
3348	0.2
3349	0
3350	0
3351	0
3352	0
3353	0
3354	0
3355	0
3356	0
3357	0
3358	0
3359	0
3360	0
3361	0
3362	0
3363	0
3364	0
3365	0.2
3366	3.6
3367	0.2
3368	4.2
3369	9.8
3370	0
3371	0
3372	0
3373	0
3374	0
3375	13
3376	9.2
3377	9.8
3378	0.2
3379	1.6
3380	9
3381	3.2
3382	0
3383	0
3384	0
3385	0
3386	0
3387	0
3388	0
3389	0
3390	6
3391	2.2
3392	1.6
3393	0
3394	2.6
3395	0
3396	0.8
3397	2.2
3398	6.6
3399	0
3400	0.2
3401	0
3402	0
3403	0
3404	0
3405	6.6
3406	0
3407	22
3408	0.2
3409	2.2
3410	43.2
3411	2.6
3412	0
3413	0
3414	0
3415	0
3416	0
3417	0.6
3418	0
3419	3.2
3420	3.8
3421	0
3422	23
3423	31.2
3424	3.6
3425	0.4
3426	0
3427	0
3428	15.4
3429	2.6
3430	0.6
3431	0
3432	0
3433	25.2
3434	0
3435	15.4
3436	0
3437	0
3438	0
3439	1.4
3440	0
3441	21.4
3442	17.4
3443	8.6
3444	2.8
3445	0
3446	2.8
3447	0
3448	0
3449	0
3450	0
3451	0
3452	0
3453	0
3454	0
3455	15.8
3456	12.2
3457	3.2
3458	0
3459	0
3460	0
3461	0
3462	0
3463	0
3464	13
3465	0
3466	0
3467	55.6
3468	0.2
3469	0
3470	0
3471	0
3472	0
3473	0.2
3474	1.6
3475	1
3476	0
3477	0
3478	0
3479	0
3480	0
3481	0
3482	0
3483	0
3484	0
3485	0
3486	1.6
3487	0
3488	0
3489	21.2
3490	6.8
3491	0
3492	0.8
3493	0
3494	8.4
3495	3.8
3496	0
3497	0
3498	0.6
3499	0.2
3500	0
3501	8.2
3502	0.2
3503	0
3504	0
3505	0
3506	0
3507	12
3508	2.4
3509	0
3510	0
3511	0
3512	0
3513	0
3514	0
3515	0
3516	7
3517	16.2
3518	0.8
3519	0.2
3520	0
3521	22.4
3522	11
3523	1.2
3524	0
3525	0.2
3526	0.2
3527	0.2
3528	0
3529	0
3530	70
3531	1.6
3532	0
3533	1
3534	0.2
3535	0
3536	0.2
3537	0.2
3538	2.2
3539	2.2
3540	24.6
3541	1.8
3542	1.8
3543	21.2
3544	32.8
3545	26.2
3546	4
3547	0
3548	6.4
3549	95.8
3550	7.8
3551	0
3552	2.2
3553	0
3554	0.2
3555	0
3556	0
3557	0
3558	0
3559	0
3560	0
3561	0
3562	0
3563	35.6
3564	2
3565	0.2
3566	0
3567	0
3568	18
3569	63
3570	24.4
3571	0
3572	0
3573	0
3574	0
3575	0
3576	1
3577	0
3578	20
3579	0.2
3580	10
3581	4.4
3582	0
3583	0
3584	4.4
3585	0
3586	2.8
3587	27.6
3588	0.8
3589	0.2
3590	1
3591	0.2
3592	0
3593	0.2
3594	0
3595	0.2
3596	0
3597	0
3598	0
3599	0.8
3600	20
3601	0
3602	0
3603	0
3604	0
3605	39.6
3606	0
3607	0
3608	28.4
3609	0
3610	0
3611	0
3612	14.4
3613	0
3614	0
3615	0.2
3616	38.2
3617	21.6
3618	7
3619	0
3620	17.2
3621	1.2
3622	0
3623	0
3624	0
3625	0.4
3626	0
3627	0.6
3628	0
3629	1.2
3630	0
3631	22.4
3632	0
3633	0
3634	7.2
3635	0.2
3636	7.8
3637	0
3638	0
3639	0
3640	0
3641	0.2
3642	0
3643	0
3644	0
3645	0
3646	2.8
3647	10.8
3648	0
3649	13.4
3650	0
3651	13.6
3652	81.8
3653	15.4
3654	29.6
3655	3.8
3656	0
3657	0.2
3658	0
3659	0
3660	0
3661	0
3662	0
3663	0.2
3664	0
3665	9.8
3666	1.4
3667	0
3668	4.4
3669	17
3670	12.8
3671	0.8
3672	0
3673	8
3674	3.6
3675	0
3676	0
3677	0
3678	1.6
3679	23.6
3680	5
3681	0
3682	0
3683	0
3684	0
3685	0
3686	0.2
3687	0
3688	5.2
3689	0
3690	0
3691	15.6
3692	8.8
3693	0
3694	0
3695	0
3696	0
3697	0
3698	14.4
3699	11.2
3700	0
3701	0
3702	0
3703	0
3704	0
3705	4.4
3706	11
3707	32.2
3708	1.4
3709	3.2
3710	0.2
3711	0
3712	0
3713	0.4
3714	0
3715	0
3716	0
3717	40.4
3718	37.4
3719	0
3720	0
3721	0
3722	0
3723	12.4
3724	6.8
3725	1.6
3726	0
3727	1.8
3728	5
3729	18.8
3730	0
3731	0
3732	0
3733	0
3734	0
3735	18.2
3736	22.6
3737	10.8
3738	0
3739	0
3740	0
3741	27
3742	15.4
3743	0.4
3744	0.2
3745	5.4
3746	0
3747	0
3748	26.6
3749	0
3750	0.2
3751	0
3752	0
3753	0
3754	0
3755	0
3756	7.2
3757	7
3758	0
3759	4.2
3760	0
3761	0
3762	0
3763	0
3764	12.4
3765	0.8
3766	0
3767	0
3768	0.8
3769	11.6
3770	12.6
3771	0
3772	0
3773	0
3774	0
3775	0
3776	0.8
3777	0
3778	2.8
3779	0.8
3780	0.2
3781	0
3782	20.4
3783	0
3784	22
3785	5.2
3786	4.8
3787	0
3788	0
3789	0
3790	0
3791	30
3792	2.2
3793	0
3794	0
3795	0
3796	0.8
3797	5.8
3798	0
3799	0
3800	0
3801	0
3802	0
3803	0
3804	0
3805	0
3806	0
3807	0
3808	0
3809	0
3810	0
3811	0
3812	2.4
3813	0.4
3814	0
3815	0
3816	12.2
3817	0.2
3818	1.6
3819	0
3820	0
3821	0
3822	1
3823	11.8
3824	0.2
3825	0
3826	0
3827	0
3828	0
3829	0
3830	9.4
3831	0
3832	1.2
3833	3.6
3834	0
3835	21.8
3836	0
3837	10.6
3838	8.4
3839	0
3840	0
3841	2.8
3842	0
3843	0
3844	0
3845	0
3846	0
3847	3.6
3848	0
3849	0
3850	2.2
3851	4.8
3852	0.2
3853	0
3854	0
3855	0
3856	0
3857	2
3858	12.2
3859	9.8
3860	0
3861	0
3862	0.2
3863	0
3864	0
3865	0.2
3866	0
3867	0.2
3868	0
3869	0
3870	0
3871	9.8
3872	0.6
3873	0
3874	32.6
3875	57.4
3876	9.6
3877	0.2
3878	0.4
3879	0
3880	0.2
3881	0.2
3882	0
3883	0.2
3884	56.6
3885	0
3886	0.6
3887	0.2
3888	0
3889	20.2
3890	12.6
3891	0
3892	0
3893	0
3894	0
3895	58
3896	0.2
3897	0
3898	0.4
3899	1.2
3900	12.8
3901	0
3902	0.2
3903	0
3904	0
3905	0
3906	0.2
3907	8
3908	0.6
3909	0
3910	0
3911	0.2
3912	0
3913	0
3914	6
3915	0.2
3916	46
3917	0.2
3918	0.2
3919	0
3920	42
3921	59.8
3922	7.2
3923	4.8
3924	12
3925	10.4
3926	23
3927	67.2
3928	29.6
3929	0
3930	0
3931	0
3932	0.2
3933	3.6
3934	0.4
3935	0.2
3936	0
3937	0.2
3938	0
3939	0
3940	0
3941	0
3942	8.4
3943	31
3944	0.2
3945	0
3946	0
3947	0
3948	0
3949	3.6
3950	0.8
3951	0.2
3952	0
3953	0
3954	0
3955	0.2
3956	0
3957	19.6
3958	5
3959	0.6
3960	0
3961	27.8
3962	0
3963	0
3964	0
3965	14.2
3966	0
3967	0
3968	0
3969	0
3970	0.6
3971	0
3972	0
3973	1.6
3974	0
3975	0
3976	0
3977	0
3978	0
3979	0
3980	7
3981	0
3982	0
3983	0
3984	0
3985	8.2
3986	24.4
3987	30.6
3988	13.6
3989	7
3990	21
3991	25
3992	14
3993	8.8
3994	24.2
3995	0.4
3996	0.2
3997	0
3998	0
3999	0
4000	0
4001	0
4002	9.8
4003	0
4004	0
4005	0
4006	0
4007	88.6
4008	17.4
4009	34.8
4010	33.4
4011	3.4
4012	3.2
4013	0
4014	44
4015	12
4016	0.6
4017	0
4018	0.2
4019	0
4020	0.4
4021	57
4022	0.2
4023	0
4024	0
4025	0
4026	0
4027	0
4028	0
4029	0
4030	5.4
4031	2.4
4032	1.4
4033	0
4034	4.6
4035	39.6
4036	4.4
4037	0
4038	0
4039	0
4040	0
4041	14.4
4042	0.8
4043	3.8
4044	0
4045	0
4046	0
4047	7.4
4048	8.4
4049	0
4050	36.4
4051	0
4052	0
4053	0
4054	0
4055	0
4056	0
4057	0
4058	3.2
4059	0.2
4060	0
4061	0
4062	7.8
4063	0.8
4064	0
4065	3.6
4066	0
4067	0
4068	0
4069	0
4070	19.6
4071	0
4072	0
4073	0.2
4074	0.2
4075	5
4076	0
4077	0
4078	0
4079	16.6
4080	0
4081	0
4082	0
4083	5.2
4084	9
4085	25.4
4086	1.8
4087	0
4088	0
4089	0
4090	0.4
4091	4.4
4092	0.2
4093	0
4094	0
4095	0
4096	0
4097	3.2
4098	0
4099	0.2
4100	0
4101	0
4102	0
4103	0
4104	0
4105	0.4
4106	0
4107	0
4108	0
4109	0
4110	0
4111	0
4112	0
4113	0
4114	0
4115	0
4116	0
4117	3.8
4118	3.4
4119	0.8
4120	0
4121	37.6
4122	59.2
4123	0
4124	0.2
4125	0
4126	8.2
4127	1
4128	0
4129	0
4130	0
4131	40.4
4132	0.2
4133	0
4134	0
4135	5.4
4136	0.2
4137	0
4138	0
4139	0
4140	0
4141	0
4142	0
4143	0
4144	2.2
4145	0
4146	0
4147	0
4148	0
4149	73
4150	10
4151	0
4152	0
4153	0
4154	0
4155	10.8
4156	51.4
4157	2.8
4158	11.2
4159	0
4160	0
4161	0
4162	0.2
4163	0
4164	0
4165	40.8
4166	11
4167	24.6
4168	18.6
4169	5.4
4170	0
4171	0.4
4172	47
4173	0
4174	1.6
4175	0
4176	0
4177	0
4178	0
4179	0
4180	13.2
4181	0
4182	0
4183	0
4184	8.6
4185	0
4186	9.6
4187	0
4188	12.2
4189	10.8
4190	3.2
4191	5.8
4192	0
4193	0
4194	0
4195	0
4196	0
4197	0
4198	0
4199	2.6
4200	21
4201	14
4202	72.6
4203	34.4
4204	9.2
4205	0
4206	0
4207	0
4208	0
4209	0
4210	0
4211	0.2
4212	0.2
4213	0
4214	0
4215	0
4216	1.8
4217	0.8
4218	0.6
4219	1
4220	0
4221	0.2
4222	1
4223	54
4224	0
4225	0
4226	0
4227	0.2
4228	0.4
4229	0.2
4230	1
4231	0
4232	0
4233	1
4234	0
4235	0
4236	0.4
4237	10.2
4238	0
4239	0
4240	0
4241	0
4242	0
4243	0
4244	0
4245	0
4246	0
4247	0
4248	0
4249	0
4250	4.8
4251	0
4252	0.2
4253	0
4254	0
4255	1.2
4256	0
4257	0.2
4258	0
4259	0.2
4260	0
4261	0
4262	0.2
4263	0
4264	0
4265	0.2
4266	0
4267	0
4268	0
4269	22.8
4270	0
4271	0
4272	0
4273	12
4274	59.2
4275	25.4
4276	0.2
4277	1.8
4278	8.2
4279	0.8
4280	0.4
4281	0
4282	0
4283	0
4284	0
4285	0.2
4286	0
4287	0.2
4288	0
4289	1.4
4290	19.4
4291	0
4292	0
4293	0
4294	0
4295	0
4296	0
4297	0
4298	0
4299	0
4300	24.4
4301	0
4302	0
4303	2.2
4304	0
4305	0.2
4306	0.2
4307	0
4308	0
4309	0
4310	15.6
4311	1
4312	0
4313	5.2
4314	12.2
4315	0.6
4316	0
4317	0
4318	0.2
4319	0
4320	0
4321	0
4322	7
4323	16.2
4324	19.8
4325	1.2
4326	0
4327	1
4328	20.4
4329	7
4330	29.4
4331	0.6
4332	0
4333	0
4334	0.2
4335	0
4336	0
4337	31.6
4338	1.2
4339	0
4340	0
4341	0
4342	0
4343	0
4344	0
4345	0
4346	0
4347	0.2
4348	0
4349	0
4350	0
4351	0
4352	0
4353	0
4354	0
4355	0
4356	0
4357	0
4358	0
4359	0
4360	1.4
4361	2.4
4362	0
4363	0
4364	0
4365	0
4366	0
4367	16.4
4368	0.2
4369	0
4370	5.6
4371	73.6
4372	35.8
4373	16.4
4374	17.4
4375	0
4376	0
4377	0
4378	0
4379	0
4380	2.2
4381	25
4382	0
4383	0
4384	0
4385	0
4386	0
4387	18.8
4388	0
4389	0
4390	0
4391	0
4392	0
4393	0
4394	1
4395	34.4
4396	5.6
4397	0
4398	0
4399	0
4400	0
4401	0
4402	2.6
4403	18
4404	1
4405	0
4406	0
4407	0
4408	0
4409	0
4410	0
4411	0
4412	0
4413	25.4
4414	0
4415	0
4416	0
4417	0
4418	0
4419	44.2
4420	0.6
4421	0
4422	0
4423	4.6
4424	0
4425	0
4426	0
4427	0
4428	0
4429	0
4430	0
4431	0
4432	0
4433	0
4434	0
4435	3.6
4436	0
4437	0
4438	6.2
4439	0
4440	0
4441	8.2
4442	17.6
4443	5
4444	1.2
4445	9.8
4446	23.2
4447	6
4448	0
4449	0
4450	51.6
4451	27.4
4452	10.8
4453	0
4454	0
4455	8
4456	29
4457	16
4458	0
4459	0
4460	0
4461	0.2
4462	0
4463	38.2
4464	1
4465	0
4466	0
4467	0
4468	0
4469	0
4470	0
4471	1.6
4472	4.8
4473	1.2
4474	0
4475	0
4476	0
4477	0
4478	5
4479	0
4480	2
4481	2
4482	0
4483	0
4484	0
4485	0
4486	0
4487	0
4488	2
4489	2.4
4490	2.2
4491	6.4
4492	6.6
4493	6
4494	8.2
4495	0
4496	0.4
4497	3.6
4498	0
4499	1
4500	0
4501	0
4502	0.2
4503	0
4504	0
4505	0
4506	0
4507	0
4508	0
4509	4
4510	15
4511	6.8
4512	0
4513	0
4514	0
4515	51.2
4516	0
4517	65
4518	8.6
4519	0
4520	0
4521	8.2
4522	1.4
4523	0
4524	0
4525	0
4526	0
4527	0
4528	0
4529	0
4530	0
4531	2
4532	0
4533	0
4534	0
4535	0
4536	0
4537	0
4538	0
4539	0
4540	0
4541	0
4542	0
4543	0
4544	0
4545	0
4546	2
4547	25.8
4548	0
4549	0
4550	0
4551	0
4552	1
4553	7.2
4554	0.2
4555	0
4556	0
4557	0
4558	12.2
4559	0
4560	0
4561	5.8
4562	58.6
4563	0
4564	0
4565	0
4566	0.2
4567	0
4568	0
4569	0
4570	2.6
4571	0.2
4572	0
4573	0
4574	0
4575	0
4576	0.6
4577	0.2
4578	0
4579	26.8
4580	13.4
4581	0
4582	0.2
4583	0
4584	0.2
4585	0.2
4586	0
4587	11
4588	0.4
4589	0.2
4590	1.2
4591	21
4592	27.8
4593	49.6
4594	16.4
4595	2.6
4596	0.6
4597	3
4598	31.4
4599	43
4600	0
4601	3.2
4602	3
4603	1.8
4604	1.8
4605	90.6
4606	4
4607	0.6
4608	0
4609	0
4610	0
4611	0.2
4612	0
4613	0
4614	0
4615	0.2
4616	12.6
4617	0
4618	0
4619	0
4620	0
4621	0
4622	0
4623	0
4624	0
4625	0.2
4626	6
4627	0
4628	0
4629	0
4630	0
4631	0
4632	0
4633	0
4634	0
4635	0
4636	0.2
4637	0
4638	0.8
4639	0
4640	0
4641	0
4642	0
4643	15.6
4644	0
4645	0
4646	0
4647	0
4648	0
4649	0
4650	0.2
4651	0.2
4652	0
4653	0
4654	0
4655	0
4656	0
4657	22
4658	1.2
4659	0.2
4660	0
4661	2
4662	0
4663	0
4664	22.2
4665	0
4666	0
4667	0
4668	0
4669	0
4670	0
4671	0.6
4672	0.6
4673	0
4674	0
4675	0
4676	0
4677	0
4678	2.4
4679	0.4
4680	0
4681	0
4682	0
4683	0.2
4684	0
4685	1.2
4686	0
4687	25.2
4688	71.8
4689	40.8
4690	2.2
4691	0
4692	0
4693	0.2
4694	0
4695	7
4696	0
4697	0
4698	0
4699	0
4700	0.4
4701	0.2
4702	13.4
4703	1
4704	32.6
4705	0
4706	0
4707	0
4708	0
4709	2.4
4710	0
4711	0
4712	0
4713	42
4714	71.4
4715	14.6
4716	0.4
4717	0
4718	0
4719	0
4720	45.2
4721	0
4722	1
4723	2.8
4724	0
4725	0
4726	0
4727	0
4728	12.4
4729	5.8
4730	0.2
4731	0
4732	0
4733	0
4734	0
4735	4
4736	5
4737	21.4
4738	0
4739	0
4740	0.2
4741	7
4742	5
4743	5.2
4744	0
4745	0
4746	0
4747	0
4748	5
4749	0
4750	0
4751	0
4752	63.4
4753	0.8
4754	0
4755	0
4756	0
4757	0
4758	0
4759	0
4760	3.4
4761	0
4762	56.8
4763	22.8
4764	0
4765	0
4766	0.8
4767	0
4768	0
4769	0
4770	0
4771	0
4772	0
4773	8.8
4774	0
4775	0.2
4776	0
4777	0
4778	39.6
4779	1.6
4780	0
4781	0
4782	0
4783	16.2
4784	0
4785	0
4786	21.8
4787	1.4
4788	0
4789	0
4790	0
4791	0
4792	0
4793	0
4794	0
4795	34
4796	0.4
4797	0.6
4798	0
4799	8.2
4800	11.6
4801	0
4802	0
4803	7.4
4804	0
4805	4
4806	13.8
4807	9
4808	0
4809	23.6
4810	0
4811	0
4812	0.2
4813	13.8
4814	0
4815	0
4816	0
4817	0
4818	0
4819	0
4820	0
4821	0
4822	0
4823	0
4824	28.6
4825	0
4826	11.2
4827	0.8
4828	0
4829	0
4830	0
4831	0
4832	0
4833	0
4834	3.4
4835	26.8
4836	13.8
4837	0
4838	0
4839	0
4840	0
4841	0
4842	25.8
4843	0
4844	0
4845	0
4846	0
4847	3.4
4848	0
4849	1
4850	0
4851	0
4852	0
4853	0
4854	7.8
4855	0
4856	0
4857	36.8
4858	0.8
4859	0
4860	0
4861	7.8
4862	4.4
4863	2.2
4864	0
4865	0
4866	0
4867	3.4
4868	0.6
4869	0.8
4870	0
4871	2.6
4872	0
4873	19.6
4874	9.6
4875	21.2
4876	1.4
4877	0.2
4878	0
4879	0
4880	0
4881	0
4882	0
4883	0
4884	0
4885	0
4886	0
4887	0
4888	0
4889	20
4890	8
4891	0
4892	0.2
4893	0
4894	0
4895	0
4896	0
4897	0
4898	20.2
4899	2.8
4900	3.4
4901	0
4902	0
4903	0.2
4904	0
4905	0
4906	0
4907	0
4908	0
4909	0
4910	9.8
4911	0
4912	0
4913	0.4
4914	0.4
4915	0
4916	28.2
4917	36.8
4918	0.4
4919	0
4920	0
4921	0
4922	0
4923	0
4924	0
4925	0
4926	0
4927	0
4928	0
4929	1
4930	20
4931	0
4932	0
4933	4.2
4934	8.4
4935	7
4936	37.2
4937	6
4938	0
4939	0
4940	0
4941	0
4942	0
4943	0
4944	0.2
4945	0
4946	3.6
4947	0
4948	13.2
4949	14
4950	5.6
4951	0
4952	0
4953	8.2
4954	10.4
4955	0
4956	0.4
4957	23.2
4958	0
4959	8.8
4960	0.6
4961	0.6
4962	0
4963	0
4964	8.4
4965	0
4966	0
4967	0
4968	0
4969	0.2
4970	4.8
4971	17.6
4972	43.6
4973	0
4974	0
4975	15.2
4976	0
4977	0
4978	18.6
4979	13.2
4980	2
4981	0
4982	2.2
4983	0
4984	0
4985	0
4986	0
4987	0
4988	0
4989	0
4990	0
4991	0
4992	6.4
4993	5.6
4994	2.2
4995	1.6
4996	0
4997	0.2
4998	0
4999	0
5000	0
5001	0
5002	0
5003	11.2
5004	15.4
5005	8
5006	3.8
5007	19.6
5008	0
5009	0
5010	0
5011	0
5012	0
5013	45.2
5014	23.2
5015	47
5016	7.2
5017	3.2
5018	0
5019	0
5020	0.2
5021	0
5022	0
5023	0
5024	0
5025	0
5026	6.6
5027	8.2
5028	3
5029	0
5030	0
5031	0
5032	0
5033	0
5034	0
5035	51
5036	2.4
5037	7.6
5038	0.2
5039	0.4
5040	0
5041	2.4
5042	0
5043	34.4
5044	1.4
5045	0
5046	0
5047	0
5048	0
5049	0
5050	0.8
5051	0
5052	0.2
5053	4.4
5054	0.4
5055	0
5056	0
5057	0
5058	0
5059	0
5060	0
5061	0
5062	0
5063	0
5064	0
5065	0
5066	0
5067	19
5068	0.8
5069	0
5070	0
5071	24.2
5072	2.2
5073	0
5074	16.6
5075	1.2
5076	0
5077	0
5078	1
5079	0.4
5080	0
5081	0.2
5082	0
5083	0
5084	0
5085	18
5086	1
5087	0
5088	0
5089	27.8
5090	0
5091	0
5092	0
5093	0
5094	0
5095	50.4
5096	6.2
5097	0
5098	0
5099	0
5100	0
5101	1.6
5102	2.6
5103	11
5104	0
5105	0
5106	0
5107	0
5108	0
5109	0
5110	0
5111	0
5112	0
5113	0.2
5114	0
5115	0.2
5116	9.8
5117	1.4
5118	0
5119	15
5120	4
5121	2
5122	14.6
5123	3.2
5124	0
5125	0
5126	0
5127	0
5128	0
5129	0
5130	0
5131	0
5132	0
5133	0
5134	0
5135	0
5136	14
5137	0
5138	0
5139	0.2
5140	3.6
5141	0
5142	0.2
5143	0.2
5144	0
5145	0.2
5146	0.4
5147	2.6
5148	33.6
5149	5.4
5150	14.8
5151	13.4
5152	6.6
5153	0
5154	0
5155	0
5156	0
5157	6.4
5158	0
5159	0
5160	0
5161	0
5162	0
5163	0
5164	16
5165	2.2
5166	20.8
5167	0
5168	0
5169	0
5170	0
5171	0
5172	0
5173	0
5174	4.6
5175	15.6
5176	1.6
5177	0
5178	5.8
5179	1.6
5180	4.2
5181	0
5182	0
5183	0
5184	0
5185	0
5186	0
5187	0
5188	30.8
5189	8.4
5190	0.2
5191	0
5192	0
5193	0
5194	0
5195	0
5196	0
5197	15.6
5198	0
5199	0.2
5200	41.6
5201	7.2
5202	0
5203	0
5204	0.2
5205	1
5206	0
5207	0
5208	0
5209	10.2
5210	0.8
5211	0
5212	0.6
5213	0.2
5214	0
5215	0
5216	0
5217	0
5218	0
5219	2.4
5220	0
5221	0
5222	0.2
5223	0
5224	0
5225	0
5226	0
5227	49.6
5228	0
5229	7
5230	0.2
5231	0
5232	0
5233	0
5234	21.6
5235	0
5236	0
5237	0
5238	54
5239	14.2
5240	0
5241	0.2
5242	0
5243	0
5244	0.6
5245	0
5246	0
5247	0
5248	18
5249	70.8
5250	1.8
5251	0
5252	0
5253	0.4
5254	0
5255	0
5256	41.6
5257	0
5258	12.8
5259	2
5260	0
5261	0
5262	6.6
5263	18.8
5264	1
5265	0.8
5266	3
5267	2.6
5268	1.8
5269	0
5270	0
5271	0
5272	0
5273	6.4
5274	3.4
5275	8.4
5276	34.8
5277	7.2
5278	0.2
5279	4.6
5280	65.8
5281	0.4
5282	0.4
5283	24.4
5284	4
5285	0.8
5286	2
5287	0.2
5288	0
5289	0
5290	0.2
5291	0
5292	0
5293	0
5294	0
5295	0
5296	0
5297	0
5298	0
5299	0
5300	9.4
5301	0
5302	0
5303	0
5304	0
5305	0
5306	0
5307	17.2
5308	0
5309	0.2
5310	4.2
5311	8.6
5312	25.8
5313	0.2
5314	0
5315	0.2
5316	0
5317	0
5318	0
5319	0
5320	0
5321	0
5322	0
5323	0
5324	3.2
5325	15.4
5326	0.6
5327	0
5328	0
5329	0.2
5330	0
5331	0
5332	0
5333	0
5334	5
5335	80.8
5336	17.6
5337	0
5338	1.2
5339	0.2
5340	0.2
5341	7.8
5342	0
5343	0
5344	16.4
5345	0
5346	0
5347	0
5348	0
5349	0
5350	0
5351	10.4
5352	6
5353	0
5354	1.4
5355	14.8
5356	0
5357	0
5358	0
5359	0
5360	0
5361	0
5362	0
5363	0
5364	0
5365	0
5366	0
5367	0
5368	0
5369	0
5370	0
5371	0
5372	0
5373	1
5374	0
5375	0
5376	0
5377	0
5378	0
5379	9.8
5380	9.8
5381	0.6
5382	0
5383	0.4
5384	26.6
5385	2.6
5386	0.2
5387	0
5388	0
5389	10.4
5390	30.4
5391	0
5392	0
5393	0
5394	0
5395	0
5396	0
5397	0
5398	0
5399	0
5400	0
5401	0
5402	0
5403	0
5404	0
5405	11.4
5406	22.4
5407	62.8
5408	8.6
5409	1.2
5410	0
5411	0
5412	0
5413	0
5414	0
5415	0
5416	2
5417	28.8
5418	0.4
5419	21
5420	17.8
5421	0
5422	0
5423	0.8
5424	12.8
5425	0
5426	0
5427	0
5428	0
5429	5
5430	18
5431	0.2
5432	16.4
5433	47.4
5434	0
5435	0
5436	2.4
5437	0
5438	38.4
5439	0.2
5440	6.4
5441	1
5442	0
5443	0.8
5444	2.8
5445	0.2
5446	0
5447	14
5448	9
5449	0
5450	0
5451	0
5452	0
5453	0
5454	0
5455	0.4
5456	12
5457	0
5458	0
5459	0
5460	3
5461	0.6
5462	0
5463	0
5464	0
5465	0
5466	0
5467	0
5468	7
5469	0.2
5470	0
5471	0
5472	0
5473	0
5474	0
5475	0
5476	0
5477	0
5478	0
5479	8
5480	0
5481	0
5482	0
5483	0
5484	4
5485	0
5486	0
5487	0
5488	0
5489	0
5490	0
5491	0
5492	0
5493	0
5494	0
5495	1.2
5496	0.6
5497	1.2
5498	0.2
5499	0.2
5500	0
5501	0.2
5502	0
5503	0
5504	0.6
5505	17.8
5506	3.6
5507	0
5508	0
5509	0
5510	18.4
5511	0
5512	0
5513	0
5514	0
5515	0
5516	7.2
5517	0
5518	1.8
5519	0.2
5520	0
5521	0
5522	15.8
5523	0
5524	2.4
5525	7.6
5526	3.6
5527	0
5528	0
5529	0.2
5530	0
5531	0
5532	0
5533	0
5534	30.2
5535	0
5536	0
5537	0
5538	0
5539	0
5540	0.2
5541	0
5542	0
5543	0.6
5544	9.6
5545	0
5546	0
5547	0
5548	0
5549	0
5550	1.4
5551	40.8
5552	0
5553	0
5554	0
5555	0
5556	0
5557	0
5558	0
5559	0
5560	0
5561	0
5562	0
5563	0
5564	0
5565	0
5566	0
5567	0
5568	0
5569	0
5570	1.4
5571	6
5572	1.2
5573	9.8
5574	0
5575	4.4
5576	0
5577	0
5578	0
5579	0
5580	0
5581	0
5582	0
5583	0.6
5584	0
5585	0
5586	0
5587	9.2
5588	0
5589	0
5590	0
5591	9
5592	3.2
5593	0
5594	0
5595	3.2
5596	2
5597	0.2
5598	0
5599	2.6
5600	0
5601	0
5602	0
5603	1.4
5604	0
5605	0
5606	0
5607	0
5608	0
5609	0
5610	0
5611	0
5612	0
5613	0
5614	0
5615	0
5616	0
5617	0
5618	0
5619	0
5620	6
5621	0
5622	0
5623	0
5624	0
5625	0
5626	0
5627	25.8
5628	15.4
5629	1
5630	0
5631	0
5632	0
5633	0
5634	0
5635	0
5636	0
5637	57.2
5638	17.4
5639	7.8
5640	0
5641	0.2
5642	0
5643	0
5644	0
5645	0
5646	0
5647	1.8
5648	0
5649	1.2
5650	0
5651	11
5652	26.6
5653	0.2
5654	0
5655	0
5656	0
5657	12
5658	1
5659	41.4
5660	0
5661	0
5662	0
5663	0
5664	0
5665	0
5666	0
5667	0
5668	0
5669	0
5670	0
5671	1.2
5672	25.8
5673	0.2
5674	0
5675	0
5676	82.2
5677	34.8
5678	0
5679	0
5680	0
5681	8.8
5682	13.6
5683	16.6
5684	106.2
5685	2.2
5686	0.2
5687	6.8
5688	11.8
5689	0.4
5690	0
5691	0
5692	0
5693	9.4
5694	0
5695	0
5696	0
5697	0
5698	0
5699	0
5700	0
5701	9.8
5702	0.4
5703	8.4
5704	64.4
5705	0.2
5706	0
5707	0
5708	2.4
5709	0
5710	0
5711	0
5712	0.2
5713	0
5714	0
5715	0
5716	0
5717	0
5718	0
5719	34.2
5720	14.8
5721	0.2
5722	2.2
5723	0
5724	0.2
5725	0
5726	5.8
5727	0
5728	0
5729	0
5730	0
5731	0
5732	0
5733	0
5734	0
5735	0
5736	1
5737	14.4
5738	2.8
5739	10.2
5740	0
5741	6.4
5742	13.2
5743	8.4
5744	37.6
5745	7.8
5746	8
5747	0.2
5748	27
5749	0
5750	0.4
5751	13.6
5752	11
5753	0
5754	31.8
5755	13.4
5756	0.2
5757	0
5758	0
5759	0
5760	0
5761	0
5762	0
5763	0
5764	0.2
5765	0
5766	16
5767	0.2
5768	17.2
5769	7.6
5770	5
5771	14.8
5772	22.2
5773	2.2
5774	0
5775	0
5776	0.2
5777	0
5778	0.2
5779	0
5780	0
5781	0
5782	0
5783	0
5784	0
5785	0
5786	0
5787	0
5788	0
5789	0.2
5790	1.6
5791	0
5792	1.2
5793	0
5794	0
5795	27.4
5796	21.8
5797	0.2
5798	0
5799	0
5800	0
5801	0
5802	0
5803	0
5804	0.8
5805	2.4
5806	0
5807	0
5808	0
5809	1.2
5810	0
5811	0
5812	0
5813	0
5814	0
5815	12.8
5816	11
5817	0
5818	0
5819	0
5820	0
5821	0
5822	0
5823	0
5824	0
5825	12.4
5826	1.8
5827	0
5828	10
5829	0
5830	0
5831	0
5832	28.8
5833	0.2
5834	0
5835	0.4
5836	3.4
5837	0
5838	0
5839	0
5840	0
5841	0
5842	1.2
5843	63.4
5844	0
5845	0
5846	1
5847	0
5848	0
5849	3.2
5850	0
5851	0
5852	0
5853	0
5854	0
5855	0
5856	0
5857	0.6
5858	0
5859	0
5860	16.8
5861	11.8
5862	3.4
5863	0
5864	0
5865	0
5866	0
5867	12.4
5868	0.6
5869	0
5870	0
5871	0
5872	24.4
5873	4.2
5874	0
5875	0
5876	0
5877	0
5878	0
5879	0
5880	14
5881	0
5882	21
5883	24
5884	6.6
5885	0
5886	6.6
5887	0
5888	0
5889	5.6
5890	17
5891	0.8
5892	0
5893	0
5894	0
5895	0
5896	0
5897	0
5898	0.6
5899	3.2
5900	0
5901	0
5902	1.4
5903	0
5904	0
5905	0
5906	0
5907	0
5908	0
5909	1.6
5910	0
5911	0
5912	0
5913	0
5914	0
5915	0
5916	0
5917	0
5918	0
5919	12.6
5920	12.8
5921	0
5922	0
5923	10.4
5924	0.8
5925	0
5926	0
5927	0
5928	0
5929	0
5930	0
5931	14
5932	0.2
5933	0
5934	0
5935	0.2
5936	4.8
5937	2.8
5938	1
5939	0.2
5940	6
5941	8
5942	1
5943	0.4
5944	0
5945	4
5946	0.2
5947	0
5948	0
5949	0
5950	0
5951	0
5952	0
5953	0
5954	0
5955	0
5956	0
5957	0.2
5958	0
5959	0
5960	0
5961	0
5962	0
5963	0
5964	0
5965	0.2
5966	0
5967	0
5968	0
5969	0
5970	7.6
5971	18.4
5972	0.2
5973	0
5974	0.2
5975	0
5976	0
5977	0
5978	0
5979	0
5980	8.2
5981	14.6
5982	0
5983	0
5984	0.2
5985	0
5986	16
5987	0
5988	0.2
5989	0
5990	0.2
5991	0
5992	0
5993	0
5994	0.2
5995	0
5996	0
5997	49.2
5998	0
5999	0
6000	0
6001	0
6002	0.2
6003	0
6004	75.8
6005	0
6006	0
6007	0.2
6008	0
6009	0
6010	0
6011	0
6012	14.4
6013	0
6014	0.4
6015	15.8
6016	0.6
6017	20.8
6018	0
6019	0
6020	0
6021	0.2
6022	0
6023	0
6024	0
6025	0
6026	1.6
6027	0
6028	1.4
6029	0
6030	0
6031	6.8
6032	14.2
6033	95.4
6034	0
6035	0
6036	0.4
6037	1
6038	0.2
6039	0
6040	0.2
6041	0
6042	0.4
6043	0
6044	0
6045	0
6046	0.2
6047	0
6048	0
6049	0
6050	0
6051	10
6052	0.2
6053	0.2
6054	0.6
6055	0
6056	0
6057	0
6058	0
6059	0
6060	0.2
6061	0
6062	3.6
6063	28.8
6064	0
6065	2
6066	0
6067	0
6068	0
6069	0.2
6070	0
6071	0
6072	0
6073	0
6074	0.2
6075	0
6076	0
6077	7.2
6078	2.4
6079	0
6080	0
6081	0
6082	0
6083	0
6084	0
6085	8.4
6086	12.2
6087	0
6088	1.4
6089	0.8
6090	0
6091	2.8
6092	48.8
6093	50.4
6094	0.2
6095	0
6096	0
6097	0
6098	0
6099	0
6100	0
6101	0
6102	0.2
6103	25.2
6104	0
6105	8.2
6106	62.2
6107	4.4
6108	0.2
6109	0
6110	0
6111	6.2
6112	50.2
6113	0.8
6114	0
6115	0
6116	4.4
6117	0.2
6118	18.4
6119	0.2
6120	0
6121	0
6122	6.2
6123	0
6124	0
6125	0
6126	0
6127	8.8
6128	0
6129	27
6130	0
6131	3.2
6132	0.8
6133	0
6134	0.2
6135	0.2
6136	0
6137	0.2
6138	0
6139	0.6
6140	1.4
6141	0
6142	0
6143	10.4
6144	17.4
6145	2.6
6146	0
6147	0
6148	0
6149	0
6150	0
6151	0
6152	2.8
6153	0
6154	0
6155	0
6156	0
6157	0
6158	0
6159	0
6160	0
6161	0
6162	0.2
6163	17.4
6164	0
6165	0
6166	11.8
6167	0
6168	0
6169	0
6170	0
6171	0
6172	0
6173	0
6174	0
6175	0
6176	7.2
6177	5.4
6178	0.4
6179	0
6180	0
6181	0
6182	0
6183	0
6184	0
6185	16
6186	26.2
6187	0.4
6188	0
6189	0
6190	9.2
6191	1.4
6192	0
6193	0
6194	0
6195	59.4
6196	1
6197	0
6198	1.4
6199	0
6200	0
6201	0
6202	0
6203	5.6
6204	9
6205	0
6206	0
6207	0.2
6208	0
6209	0
6210	0
6211	0.2
6212	0
6213	0
6214	0
6215	0
6216	0
6217	0
6218	0
6219	0
6220	0
6221	0
6222	0
6223	12.6
6224	0.4
6225	20
6226	33.6
6227	0
6228	0
6229	0
6230	0
6231	0
6232	0
6233	0
6234	0
6235	0
6236	0
6237	19.2
6238	31.8
6239	0.4
6240	0
6241	0
6242	0
6243	0
6244	4.8
6245	0.2
6246	0
6247	69
6248	0.8
6249	0
6250	0
6251	0
6252	2.6
6253	0
6254	0
6255	0
6256	0
6257	5.8
6258	0
6259	0
6260	0
6261	0
6262	0
6263	0
6264	1.2
6265	1.6
6266	0
6267	0
6268	0
6269	0
6270	0
6271	0
6272	4.2
6273	2.4
6274	0.4
6275	0.2
6276	0.2
6277	0
6278	0
6279	5
6280	8
6281	0
6282	0
6283	0
6284	0
6285	0.8
6286	56.4
6287	5
6288	0
6289	7.6
6290	11.6
6291	9.8
6292	0.8
6293	1
6294	3
6295	0.2
6296	0
6297	0
6298	2.4
6299	1
6300	0
6301	0
6302	3
6303	29.8
6304	0
6305	0
6306	0
6307	0
6308	0
6309	50.6
6310	1.6
6311	3.2
6312	0
6313	2.4
6314	41
6315	4.6
6316	0
6317	0
6318	4.2
6319	0.2
6320	0.2
6321	0
6322	0.8
6323	1
6324	0.2
6325	0
6326	0.4
6327	0
6328	0
6329	0
6330	0
6331	0.2
6332	0
6333	0.6
6334	0
6335	0
6336	24.8
6337	0
6338	0
6339	32.2
6340	0.2
6341	13
6342	0.2
6343	20.4
6344	21
6345	13.6
6346	0
6347	0
6348	0.2
6349	0
6350	0.2
6351	12.4
6352	0.2
6353	0
6354	0
6355	14.8
6356	3
6357	0
6358	19.2
6359	6.4
6360	0
6361	0.2
6362	0
6363	0.2
6364	0
6365	0.2
6366	1.6
6367	9.2
6368	5.8
6369	11.2
6370	0.8
6371	0
6372	0
6373	0
6374	0
6375	0
6376	0
6377	29.4
6378	0.8
6379	0
6380	0.2
6381	0
6382	0.4
6383	0
6384	0
6385	0
6386	0.2
6387	0
6388	23.2
6389	13.4
6390	0
6391	0.2
6392	0
6393	9
6394	5.8
6395	0.6
6396	4.6
6397	0
6398	0
6399	0
6400	11.2
6401	0
6402	0.2
6403	0
6404	0.6
6405	3.6
6406	0.6
6407	0
6408	0
6409	5.2
6410	0
6411	0
6412	0
6413	25.4
6414	0
6415	11
6416	22.2
6417	28.2
6418	13.6
6419	0
6420	0
6421	0.2
6422	0
6423	0
6424	14.4
6425	0.6
6426	0
6427	0
6428	0
6429	0
6430	24.4
6431	0
6432	0
6433	0
6434	0.2
6435	1.4
6436	1.6
6437	17.8
6438	0
6439	0
6440	1.2
6441	10
6442	18
6443	0.6
6444	0
6445	0
6446	0
6447	4.2
6448	29.2
6449	0
6450	5.6
6451	1
6452	0
6453	0
6454	0
6455	0
6456	0
6457	0
6458	0
6459	0
6460	12.8
6461	0
6462	0
6463	0
6464	0
6465	11.6
6466	0.2
6467	0
6468	0
6469	0.2
6470	0.2
6471	0
6472	9.8
6473	10.6
6474	0
6475	0
6476	0
6477	0.2
6478	3.4
6479	0.4
6480	0
6481	0
6482	0
6483	21.4
6484	0
6485	1.8
6486	6.8
6487	0
6488	0
6489	0
6490	0
6491	0
6492	0
6493	0.2
6494	6.6
6495	0
6496	0.2
6497	0
6498	0
6499	6.6
6500	10.6
6501	0
6502	0
6503	0.2
6504	5.8
6505	5.8
6506	0.2
6507	0
6508	0
6509	1.6
6510	0
6511	0
6512	0
6513	0
6514	0.2
6515	1
6516	0
6517	0
6518	0
6519	0
6520	11
6521	0
6522	0
6523	0
6524	17
6525	35.8
6526	0
6527	0
6528	0
6529	0
6530	0.2
6531	0.8
6532	9.8
6533	1.4
6534	0.4
6535	0
6536	0
6537	0
6538	17.6
6539	0.6
6540	0
6541	0
6542	0
6543	0
6544	0
6545	0
6546	16
6547	0
6548	0
6549	0
6550	0.2
6551	0
6552	0.6
6553	0
6554	0.4
6555	0
6556	2.2
6557	0.2
6558	5
6559	0
6560	0
6561	0
6562	0
6563	0
6564	0
6565	0
6566	21.6
6567	0
6568	0
6569	0
6570	0
6571	0
6572	7.4
6573	0
6574	0
6575	0
6576	0
6577	0
6578	0
6579	0
6580	0
6581	26.6
6582	0.2
6583	0
6584	0
